116
160
204
500
772
1068
1312
1596
1892
2188
2352
2648
2944
3240
3500
3544
3840
4104
4392
4688
4896
5120
5320
5556
5852
6148
6444
6740
7036
7272
7544
7832
8128
8360
8656
8952
9188
9412
9708
9992
10220
10388
10648
10944
11124
11316
11520
11712
11876
12172
12468
12764
12960
13256
13552
13760
13960
14256
14484
14704
14928
15132
15380
15660
15920
16184
16452
16496
16696
16992
17288
17584
17880
18176
18436
18644
18940
19236
19532
19828
20124
20344
20572
20868
21164
21404
21660
21956
22232
22504
22724
23020
23316
23612
23908
24204
24500
24796
25092
25136
25180
25224
25268
25312
25356
25652
25948
26244
26532
26772
27036
27240
27456
27752
28036
28332
28460
28620
28812
29072
29368
29640
29916
30212
30508
30804
31100
31396
31704
31964
32260
32384
32632
32928
33180
33264
33560
33788
34068
34364
34576
34780
34980
35180
35428
35724
36020
36296
36592
36636
36880
37056
37232
37528
37824
37988
38224
38520
38768
38944
39132
39428
39724
40020
40168
40216
40260
40556
40732
40912
41140
41436
41644
41940
42236
42532
42576
42828
43092
43360
43620
43876
44172
44468
44764
44904
45004
45152
45400
45624
45776
45948
46256
46428
46528
46668
46932
46976
47020
47300
47596
47640
47684
47980
48276
48320
48488
48708
49004
49188
49372
49560
49784
50048
50344
50448
50696
50920
51112
51328
51584
51828
52012
52232
52528
52748
52940
53148
53444
53592
53740
54036
54304
54460
54616
54904
55200
55356
55556
55600
55644
55768
55892
56180
56224
56304
56356
56568
56612
56696
56844
57056
57228
57332
57376
57420
57476
57704
57924
58148
58368
58520
58684
58836
58992
59220
59448
59736
60032
60208
60404
60668
60936
61184
61432
61676
61924
62068
62200
62332
85540
85624
85716
85820
85980
86308
86624
87028
87304
62476
63324
64164
65024
65844
66660
67540
67720
67900
68080
68244
68428
68604
68788
68952
69120
69292
69460
69620
69796
69968
70144
70304
70508
70700
70904
71104
71272
71444
71612
71784
71988
72184
72388
72576
72748
72904
73076
73244
73452
73644
73852
74048
74240
74420
74612
74800
74984
75164
75348
75528
75712
75888
76072
76252
76404
76600
76792
76988
77176
77440
77692
77956
78220
78516
78812
79108
79404
79692
79988
80276
80572
80852
81132
81412
81684
81980
82268
82564
82852
83056
83276
83520
83724
83944
84172
84380
84564
84716
84836
84916
85024
85160
85256
85404
67540
67540
67540
67540
67540
67540
67540
