 0
 160
 328
 488
 632
 800
 972
 1140
 1288
 1440
 1600
 1752
 1896
 2052
 2212
 2368
 2516
 2696
 2876
 3056
 3232
 3392
 3556
 3716
 3868
 4052
 4232
 4416
 4592
 4744
 4892
 5044
 5200
 5380
 5556
 5736
 5904
 6080
 6248
 6424
 6592
 6756
 6920
 7084
 7248
 7412
 7572
 7736
 7896
 8040
 8224
 8408
 8592
 8768
 9012
 9244
 9488
 9728
 9956
 10184
 10412
 10636
 10852
 11072
 11288
 11508
 11720
 11928
 12140
 12348
 12568
 12776
 12996
 13212
 13400
 13608
 13784
 13976
 14184
 14408
 14620
 14816
 14996
 15148
 15228
 15336
 15472
 15516
 15560
 15604
 15648
 15692
