0
260
720
844
1032
1284
1516
1600
1868
2072
2288
2472
2684
2888
3088
3288
3536
3832
4212
4488
4844
4988
5232
5408
5584
5936
6288
6452
6688
7044
7292
7468
7656
7824
7996
8200
8348
8392
8436
8844
9020
9200
9428
9836
10044
10392
10748
11092
11136
11388
11652
11920
12180
12436
12764
13100
13296
13444
13544
13692
13940
14164
14316
14488
14844
15016
15116
15256
15520
15728
16016
16244
16372
16540
16820
17136
17488
17632
17792
18012
18296
18480
18668
18856
19076
19360
19668
19772
20064
20288
20480
20700
20944
21188
21372
21592
21876
22096
22288
22492
22784
22940
23096
23328
23552
23708
23864
24136
24384
24540
24740
24784
24828
24952
25076
25364
25408
25488
25540
25752
25796
25880
26028
26240
26412
26516
26560
26604
