0
260
720
844
1032
1400
1640
1724
1992
2196
2412
2752
2964
3168
3368
3568
3816
4112
4492
4768
5124
5268
5512
5688
5864
6216
6568
6732
6968
7324
7572
7748
7936
8328
8700
9052
9200
9244
9288
9696
9872
10052
10280
10688
10896
11244
11600
11944
11988
12240
12504
12772
13032
13288
13616
13952
14340
14488
14588
14736
14984
15208
15360
15532
15888
16060
16160
16300
16564
16772
17060
17300
17532
17700
17980
18324
18676
18820
18980
19216
19544
19728
19916
20104
20324
20608
20916
21020
21312
21536
21728
21948
22192
22436
22620
22840
23124
23344
23536
23740
24032
24188
24344
24576
24800
24956
25112
25384
25632
25788
25988
26032
26076
26200
26324
26612
26656
26736
26788
27000
27044
27128
27276
27488
27660
27764
27808
27852
