0
180
360
540
704
888
1064
1248
1412
1580
1752
1920
2080
2256
2428
2604
2764
2968
3160
3364
3564
3732
3904
4072
4244
4448
4644
4848
5036
5208
5364
5536
5704
5912
6104
6312
6508
6700
6880
7072
7260
7444
7624
7808
7988
8172
8348
8532
8712
8864
9060
9252
9448
9636
9900
10152
10416
10680
10976
11268
11564
11860
12148
12444
12732
13028
13308
13588
13868
14140
14440
14728
15028
15316
15520
15740
15984
16188
16408
16636
16844
17028
17180
17300
17380
17488
